2150675
2150676
2150673
2150674
2151136
2150841
2150840
2148367
2148365
2148364
2148366
2133635
2041070
2120244
2140747
2103711
2133610
2140467
2032764
2137492
2149530
2142873
2152540
2125930
2149529
2122694
2142100
2148657
2152555
2107925
2113382
2151237
2129839
2152554
2145763
2148656
2149362
2116763
2151603
2131069
2142101
2148377
2041060
2151238
2119223
2128825
2142732
2041071
2131060
2133107
2139673
2148655
2114486
2152557
2152541
2140745
2142514
2142515
2148379
2148028
2148651
2148378
1005387
2028502
2041952
2103710
2106193
2123067
2135914
2140537
2141303
2142513
2148652
2148382
2148383
2152032
2152034
2154170
2134670
2151602
